-1.07084e-07 -2.44979
0.0150326 -2.44991
0.0300678 -2.45002
0.0451066 -2.45013
0.0601499 -2.45025
0.0751995 -2.45036
0.0902562 -2.45047
0.105321 -2.45059
0.120395 -2.4507
0.13548 -2.45082
0.150576 -2.45093
0.165685 -2.45104
0.180808 -2.45116
0.195946 -2.45127
0.211101 -2.45139
0.226273 -2.4515
0.241463 -2.45161
0.256673 -2.45173
0.271904 -2.45185
0.287158 -2.45196
0.302434 -2.45208
0.317736 -2.45219
0.333063 -2.45231
0.348417 -2.45242
0.3638 -2.45254
0.379211 -2.45265
0.394654 -2.45277
0.410129 -2.45289
0.425637 -2.453
0.441179 -2.45312
0.456757 -2.45324
0.472373 -2.45336
0.488026 -2.45348
0.50372 -2.45359
0.519455 -2.45371
0.535232 -2.45383
0.551053 -2.45395
0.56692 -2.45407
0.582832 -2.45419
0.598793 -2.45431
0.614803 -2.45443
0.630865 -2.45455
0.646978 -2.45468
0.663145 -2.4548
0.679368 -2.45492
0.695647 -2.45504
0.711985 -2.45517
0.728383 -2.45529
0.744842 -2.45541
0.761364 -2.45554
0.777951 -2.45566
0.794604 -2.45579
0.811325 -2.45592
0.828116 -2.45604
0.844978 -2.45617
0.861913 -2.4563
0.878923 -2.45643
0.89601 -2.45656
0.913175 -2.45668
0.930421 -2.45682
0.947748 -2.45695
0.96516 -2.45708
0.982658 -2.45721
1.00024 -2.45734
1.01792 -2.45747
1.03569 -2.45761
1.05355 -2.45774
1.07151 -2.45788
1.08956 -2.45802
1.10772 -2.45815
1.12598 -2.45829
1.14434 -2.45843
1.16282 -2.45857
1.1814 -2.45871
1.20009 -2.45885
1.2189 -2.45899
1.23782 -2.45914
1.25687 -2.45928
1.27604 -2.45942
1.29533 -2.45957
1.31475 -2.45972
1.33429 -2.45986
1.35397 -2.46
1.37379 -2.46015
1.39374 -2.4603
1.41384 -2.46046
1.43409 -2.46061
1.45053 -2.45408
1.45078 -2.42048
1.45103 -2.38755
1.45126 -2.35525
1.4515 -2.3236
1.45174 -2.29255
1.45197 -2.26208
1.4522 -2.23218
1.45242 -2.20284
1.45264 -2.17402
1.45285 -2.14572
1.45306 -2.11792
1.45326 -2.09061
1.45347 -2.06376
1.45367 -2.03738
1.45386 -2.01143
1.45405 -1.98592
1.47284 -1.9859
1.49192 -1.98604
1.87468 -2.46394
1.89881 -2.46412
1.92316 -2.46431
1.94776 -2.46449
1.97259 -2.46468
1.99768 -2.46487
2.02302 -2.46506
2.04862 -2.46525
2.07449 -2.46545
2.10063 -2.46565
2.12705 -2.46585
2.15376 -2.46605
2.18076 -2.46625
2.20805 -2.46646
2.23566 -2.46667
2.26357 -2.46688
2.29181 -2.46709
2.32037 -2.46731
2.34928 -2.46752
2.37852 -2.46774
2.40813 -2.46797
2.43809 -2.46819
2.46842 -2.46842
2.49914 -2.46865
2.53024 -2.46889
2.56174 -2.46913
2.59366 -2.46937
2.62599 -2.46961
2.65876 -2.46986
2.69196 -2.47011
2.72563 -2.47036
2.75975 -2.47062
2.79436 -2.47088
2.82946 -2.47115
2.86506 -2.47142
2.90118 -2.47169
2.93783 -2.47196
2.97503 -2.47225
3.01279 -2.47253
3.05113 -2.47282
3.09006 -2.47311
3.1296 -2.47341
3.16977 -2.47372
3.21059 -2.47402
3.25208 -2.47434
3.29425 -2.47465
3.33712 -2.47498
3.38072 -2.47531
3.42508 -2.47564
3.4702 -2.47598
3.51612 -2.47633
3.56286 -2.47668
3.61044 -2.47704
3.6589 -2.47741
3.70826 -2.47778
3.75855 -2.47816
3.8098 -2.47855
3.86204 -2.47894
3.91531 -2.47934
2.45748 -1.53514
2.45764 -1.51435
2.4578 -1.49372
2.45795 -1.47324
2.4581 -1.4529
2.45825 -1.43271
2.45841 -1.41266
2.45856 -1.39275
2.45871 -1.37298
2.45885 -1.35334
2.459 -1.33383
2.45915 -1.31444
2.45929 -1.29518
2.45944 -1.27604
2.45958 -1.25703
2.45973 -1.23812
2.45987 -1.21933
2.46001 -1.20066
2.46015 -1.18209
2.46029 -1.16363
2.46043 -1.14528
2.46057 -1.12702
2.4607 -1.10887
2.46083 -1.09081
2.46097 -1.07285
2.4611 -1.05499
2.46124 -1.03722
2.46137 -1.01953
2.46151 -1.00194
2.46164 -0.984429
2.46177 -0.967004
2.4619 -0.94966
2.46203 -0.932397
2.46216 -0.915212
2.46229 -0.898103
2.46242 -0.881068
2.46255 -0.864107
2.46268 -0.847217
2.4628 -0.830396
2.46293 -0.813643
2.46306 -0.796956
2.46318 -0.780333
2.46331 -0.763773
2.46343 -0.747275
2.46356 -0.730835
2.46368 -0.714455
2.46381 -0.69813
2.46393 -0.681861
2.46405 -0.665645
2.46417 -0.649482
2.46429 -0.633367
2.46441 -0.617304
2.46454 -0.601287
2.46466 -0.585318
2.46478 -0.569393
2.4649 -0.553511
2.46502 -0.537672
2.46514 -0.521874
2.46526 -0.506115
2.48078 -0.493458
2.56622 -0.494105
2.65753 -0.494793
2.75534 -0.495532
2.86039 -0.496324
2.97351 -0.497179
3.09569 -0.4981
3.22806 -0.499099
3.37193 -0.500179
3.46538 -0.49233
3.46555 -0.470678
3.46571 -0.44906
3.46587 -0.427475
3.46603 -0.405919
3.46619 -0.384393
3.46636 -0.362895
3.46652 -0.341422
3.46668 -0.319973
3.46684 -0.298547
3.46701 -0.277141
3.46717 -0.255753
3.46733 -0.234384
3.46749 -0.21303
3.46765 -0.19169
3.46781 -0.170363
3.46797 -0.149046
3.46814 -0.127739
3.4683 -0.106439
3.46845 -0.0851455
3.46861 -0.0638568
3.46877 -0.0425705
3.46893 -0.0212854
3.46909 0
3.46926 0.0212874
3.46942 0.0425784
3.46958 0.0638746
3.46974 0.0851772
3.4699 0.106489
3.47006 0.12781
3.47022 0.149143
3.47039 0.170489
3.47055 0.19185
3.47071 0.213228
3.47087 0.234623
3.47103 0.256039
3.4712 0.277476
3.47136 0.298936
3.47152 0.32042
3.47168 0.341931
3.47184 0.363469
3.472 0.385038
3.47217 0.406638
3.47233 0.428271
3.46626 0.449131
3.31528 0.450269
3.17669 0.451315
3.04902 0.452279
2.931 0.453169
2.82158 0.453996
2.71984 0.454763
2.62499 0.455479
2.53635 0.456148
2.47255 0.460352
2.47266 0.47609
2.47278 0.491867
3.47448 0.713307
3.47465 0.735589
3.47482 0.757931
3.47499 0.780335
3.47516 0.802803
3.47533 0.825337
3.4755 0.847938
3.47567 0.870611
3.47584 0.893355
3.47602 0.916173
3.47619 0.939067
3.47635 0.962037
3.47653 0.98509
3.4767 1.00823
3.47688 1.03145
3.47706 1.05475
3.47723 1.07815
3.47741 1.10164
3.47759 1.12522
3.47777 1.1489
3.47795 1.17268
3.47813 1.19656
3.47831 1.22054
3.47849 1.24462
3.47868 1.26882
3.47886 1.29313
3.47905 1.31755
3.47923 1.34209
3.47942 1.36674
3.47961 1.39152
3.47979 1.41643
3.47998 1.44146
3.48017 1.46662
3.48036 1.49191
4.4588 1.9438
4.45905 1.97656
4.4593 2.0095
4.45955 2.04262
4.4598 2.07594
4.46005 2.10945
4.46031 2.14316
4.46057 2.17707
4.46082 2.21119
4.46108 2.24552
4.46134 2.28007
4.46161 2.31484
4.46186 2.34983
4.46213 2.38506
4.45539 2.41672
4.39177 2.4172
4.32952 2.41767
4.2686 2.41813
4.20896 2.41858
4.15057 2.41902
4.09336 2.41945
4.03732 2.41988
3.98239 2.42029
3.92854 2.4207
3.87574 2.4211
3.82395 2.42149
3.77313 2.42187
3.72326 2.42225
3.67431 2.42262
3.62624 2.42298
3.57904 2.42333
3.53267 2.42368
3.48711 2.42403
3.44234 2.42437
3.39832 2.4247
3.35505 2.42503
3.31249 2.42535
3.27063 2.42566
3.22944 2.42597
3.18891 2.42628
3.14902 2.42658
2.50691 1.95641
2.48389 1.96309
2.48408 1.98812
2.48427 2.0134
2.48446 2.03895
2.48466 2.06475
2.48485 2.09082
2.48505 2.11717
2.48525 2.14379
2.48545 2.17071
2.48566 2.19792
2.48587 2.22543
2.48608 2.25325
2.48629 2.28138
2.4865 2.30984
2.48672 2.33863
2.48694 2.36776
2.48716 2.39724
2.48739 2.42708
2.4618 2.43177
2.432 2.432
2.40255 2.43221
2.37345 2.43243
2.3447 2.43265
2.31628 2.43287
2.28819 2.43308
2.26041 2.43329
2.23294 2.4335
2.20578 2.4337
2.17891 2.4339
2.15233 2.4341
2.12603 2.4343
2.10001 2.4345
2.07426 2.43469
2.04878 2.43488
2.02355 2.43508
1.99857 2.43526
1.97384 2.43545
1.94935 2.43564
1.9251 2.43582
1.90107 2.436
1.87727 2.43618
1.8537 2.43636
1.83034 2.43653
1.80719 2.43671
1.78424 2.43688
1.7615 2.43705
1.73896 2.43722
1.71661 2.43739
1.69444 2.43756
1.67247 2.43772
1.65067 2.43789
1.62905 2.43805
1.60761 2.43821
1.58634 2.43838
1.56523 2.43853
1.54428 2.43869
1.5235 2.43885
1.50287 2.439
1.48239 2.43916
1.46207 2.43931
1.44189 2.43947
1.42185 2.43962
1.40195 2.43977
1.3822 2.43992
1.36257 2.44006
1.34308 2.44021
1.32371 2.44036
1.30448 2.4405
1.28536 2.44065
1.26637 2.44079
1.24749 2.44093
1.22873 2.44107
1.21009 2.44121
1.19155 2.44135
1.17313 2.44149
1.15481 2.44163
1.13659 2.44177
1.11848 2.44191
1.10046 2.44204
1.08254 2.44218
1.06472 2.44231
1.04699 2.44245
1.02935 2.44258
1.0118 2.44271
0.994342 2.44284
0.976966 2.44297
0.959672 2.44311
0.94246 2.44323
0.925327 2.44336
0.908272 2.44349
0.891292 2.44362
0.874387 2.44375
0.857554 2.44388
0.840792 2.444
0.824098 2.44413
0.807472 2.44425
0.790912 2.44438
0.774415 2.4445
0.75798 2.44463
0.741607 2.44475
0.725293 2.44487
0.709036 2.445
0.692835 2.44512
0.676689 2.44524
0.660596 2.44536
0.644555 2.44548
0.628564 2.4456
0.612622 2.44572
0.596727 2.44584
0.580878 2.44596
0.565074 2.44608
0.549313 2.4462
0.533593 2.44632
0.517915 2.44644
0.502276 2.44656
0.486674 2.44667
0.471109 2.44679
0.455579 2.44691
0.440083 2.44703
0.424619 2.44714
0.409188 2.44726
0.393786 2.44738
0.378413 2.44749
0.363068 2.44761
0.347749 2.44772
0.332456 2.44784
0.317187 2.44795
0.301941 2.44807
0.286716 2.44818
0.271511 2.4483
0.256326 2.44841
0.241159 2.44853
0.226009 2.44864
0.210874 2.44876
0.195754 2.44887
0.180648 2.44898
0.165554 2.4491
0.15047 2.44921
0.135397 2.44933
0.120333 2.44944
0.105276 2.44955
0.0902267 2.44967
0.075182 2.44978
0.0601416 2.44989
0.0451043 2.45001
0.030069 2.45012
